((("url_for" .
   [1 0 0 0 0 0 0])
  ("login" .
   [1 0 0 0 0])
  ("logincheck" .
   [2 0 0 0 0 0 0 0 0 0])
  ("depth_num" .
   [1 0 0 1 0 0 0 0 0])
  ("test4" .
   [1 0 0 0 0])
  ("test3" .
   [1 0 0 0 0])
  ("test2" .
   [2 0 0 0 0])
  ("genre_connect" .
   [2 0 0 0 0 0 0 0 0 0 0 0 0])
  ("genre_check" .
   [1 0 0 0 0 0 0 0 0 0 0])
  ("connections" .
   [1 0 0 0 0 0 0 0 0 0 0])
  ("genreTable" .
   [2 0 0 0 0 0 0 0 0 0])
  ("nx" .
   [2 0])
  ("sizes" .
   [2 0 0 0 0])
  ("budget" .
   [4 0 0 0 0 0])
  ("gross" .
   [4 0 0 0 0])
  ("node_rate" .
   [1 0 0 0 0 0 0 0 0])
  ("node_" .
   [1 0 0 0 0])
  ("ratings" .
   [1 0 0 0 0 0 0])
  ("node_type" .
   [1 0 0 0 0 0 0 0 0])
  ("test1" .
   [5 0 0 0 0])
  ("genres_out2" .
   [1 0 0 0 0 0 0 0 0 0 0])
  ("df_out2" .
   [2 0 0 0 0 0 0])
  ("genres20" .
   [1 0 0 0 0 0 0 0])
  ("sublist" .
   [2 0 0 0 0 0 0])
  ("genres2" .
   [11 0 0 0 0 0 0])
  ("items" .
   [1 0 0 0 0])
  ("node_colors" .
   [1 0 0 0 0 0 0 0 0 0 0])
  ("Yn" .
   [4 0])
  ("Xn" .
   [6 0])
  ("add_nodes_from" .
   [0 0 0 1 0 0 0 0 0 0 0 0 0 0])
  ("director" .
   [4 0 0 0 0 0 0 0])
  ("columns" .
   [1 0 0 0 0 0 0])
  ("read_csv" .
   [1 0 0 0 0 0 0 0])
  ("respond_to" .
   [1 0 0 0 0 0 0 0 0 0])
  ("responses" .
   [2 0 0 0 0 0 0 0 0])
  ("Integer" .
   [2 0 0 0 0 0 0])
  ("Column" .
   [2 0 0 0 0 0])
  ("db" .
   [9 0])
  ("add_video" .
   [0 0 0 0 1 0 0 0 0])
  ("video" .
   [2 0 0 0 0])
  ("description" .
   [4 0 0 0 0 0 0 0 0 0 0])
  ("is_active" .
   [0 0 0 1 0 0 0 0 0])
  ("get_name" .
   [1 0 0 0 0 0 0 0])
  ("edit_user" .
   [2 0 0 0 0 0 0 0 0])
  ("active" .
   [4 0 0 0 0 0])
  ("id_u" .
   [1 0 0 0])
  ("Active" .
   [1 0 0 0 0 0])
  ("navi" .
   [2 0 0 0])
  ("nav" .
   [5 0 0])
  ("get_role_dict" .
   [1 0 0 0 0 0 0 0 0 0 0 0 0])
  ("role_dict" .
   [1 0 0 0 0 0 0 0 0])
  ("dict_roles" .
   [2 0 0 0 0 0 0 0 0 0])
  ("role_list" .
   [2 0 0 0 0 0 0 0 0])
  ("get" .
   [1 0 0])
  ("login_manager" .
   [2 0 0 0 0 0 0 0 0 0 0 0 0])
  ("Name" .
   [1 0 0 0])
  ("First" .
   [1 0 0 0 0])
  ("Password" .
   [2 0 0 0 0 0 0 0])
  ("Email" .
   [1 0 0 0 0])
  ("countries_count" .
   [1 0 0 0 0 0 0 0 0 0 0 0 0 0 0])
  ("values" .
   [2 0 0 0 0 0])
  ("continent" .
   [2 0 0 0 0 0 0 0 0])
  ("countries" .
   [3 0 0 0 0 0 0 0 0])
  ("NumberRange" .
   [0 0 0 0 0 0 1 0 0 0 0])
  ("skills" .
   [1 0 0 0 0 0])
  ("skill_con" .
   [2 0 0 0 0 0 0 0 0])
  ("abcon" .
   [1 0 0 0 0])
  ("ord_split" .
   [1 0 0 0 0 0 0 0 0])
  ("pageCon" .
   [1 0 0 0 0 0 0])
  ("update" .
   [1 0 0 0 0 0])
  ("fast_d" .
   [1 0 0 0 0 0])
  ("name" .
   [3 0 0 0])
  ("fasta_l" .
   [2 0 0 0 0 0 0])
  ("fasta" .
   [3 0 0 0 0])
  ("read_fasta" .
   [1 0 0 0 0 0 0 0 0 0])
  ("handin5" .
   [0 0 0 0 1 0 0])
  ("temp" .
   [2 0 0 0])
  ("list_s" .
   [2 0 0 0 0 0])
  ("c" .
   [3])
  ("el" .
   [1 0])
  ("o" .
   [2])
  ("temp2" .
   [2 0 0 0 0])
  ("temp1" .
   [3 0 0 0 0])
  ("about_me" .
   [6 0 0 0 0 1 0 1])
  ("about" .
   [2 0 0 0 0])
  ("page" .
   [2 0 0 0])
  ("active_p" .
   [0 0 3 0 0 0 0 0])
  ("validate_on_submit" .
   [0 0 1 0 0 0 0 0 0 0 0 0 0 0 0 0 0 0])
  ("cv" .
   [1 0])
  ("con_name" .
   [1 0 0 0 0 0 0 0])
  ("Cv_content" .
   [0 0 2 0 0 1 0 0 0 0])
  ("form" .
   [7 0 0 0])
  ("page_con" .
   [1 0 0 0 0 0 0 0])
  ("String" .
   [1 0 0 0 0 0])
  ("content_name" .
   [2 0 0 0 0 0 0 0 0 0 0 0])
  ("AboutForm" .
   [0 2 0 0 0 0 0 0 0])
  ("About" .
   [2 0 0 0 0])
  ("error" .
   [3 0 0 0 0])
  ("ADMIN_FOLDER" .
   [0 0 0 0 0 1 0 0 0 0 0 0])
  ("admin" .
   [3 0 0 0 0])
  ("basedir" .
   [1 0 0 0 0 0 0])
  ("join" .
   [1 0 0 0])
  ("Text" .
   [1 0 0 0])
  ("kuid" .
   [1 0 0 0])
  ("moneyz" .
   [1 0 0 0 0 0])
  ("ml_logger" .
   [1 0 0 0 0 0 0 0 0])
  ("orb_logger" .
   [1 0 0 0 0 0 0 0 0 0])
  ("start1" .
   [1 0 0 0 0 0])
  ("start" .
   [1 0 0 0 0])
  ("content" .
   [2 0 1 2 1 0 1])
  ("last_con" .
   [2 0 0 0 0 0 0 0])
  ("read" .
   [1 0 0 0])
  ("seek" .
   [1 0 0 0])
  ("import_module" .
   [1 0 0 0 0 0 0 0 0 0 0 0 0])
  ("r2" .
   [1 0])
  ("y_pred" .
   [2 0 0 0 0 0])
  ("intercept_" .
   [1 0 0 0 0 0 0 0 0 0])
  ("mse1" .
   [1 0 0 0])
  ("intercept" .
   [1 0 0 0 0 0 0 0 0])
  ("random_selfrate" .
   [0 0 0 0 1 0 0 0 0 0 0 0 0 0 0])
  ("par" .
   [1 0 0])
  ("coef" .
   [2 0 0 0])
  ("smallfishlabel" .
   [2 0 0 0 0 1 0 0 0 0 0 0 0 0])
  ("DIF" .
   [2 0 0])
  ("ifftn" .
   [1 0 0 0 0])
  ("outer" .
   [1 0 0 0 0])
  ("noise_matrix" .
   [1 0 0 0 0 0 0 0 0 0 0 0])
  ("G1" .
   [2 0])
  ("N1" .
   [2 0])
  ("ke2" .
   [1 0 0])
  ("comp_c" .
   [1 0 0 0 0 0])
  ("ifftshift" .
   [4 0 0 0 0 0 0 0 0])
  ("ifft2" .
   [3 0 0 0 0])
  ("Kernel1" .
   [1 0 0 0 0 0 0])
  ("revimg1" .
   [2 0 0 0 0 0 0])
  ("revimg3" .
   [2 0 0 0 0 0 0])
  ("revimg2" .
   [2 0 0 0 0 0 0])
  ("Noise2" .
   [7 0 0 0 0 0])
  ("Noise3" .
   [6 0 0 0 0 0])
  ("Kernel3" .
   [2 0 0 0 0 0 0])
  ("Kernel2" .
   [4 0 0 0 0 0 0])
  ("Noise" .
   [5 0 0 0 0])
  ("no1" .
   [4 0 0])
  ("plotter" .
   [1 0 0 0 0 0 0])
  ("lsi3" .
   [3 0 0 0])
  ("no2" .
   [2 0 0])
  ("no3" .
   [1 0 0])
  ("ke3" .
   [2 0 0])
  ("ke1" .
   [4 0 0])
  ("lsi" .
   [2 0 0])
  ("nMu" .
   [1 0 0])
  ("lsi1" .
   [5 0 0 0])
  ("lsi2" .
   [4 0 0 0])
  ("real" .
   [3 0 0 0])
  ("F_hat" .
   [3 0 0 0 0])
  ("fftn" .
   [4 0 0 0])
  ("weiner" .
   [1 0 1 0 0 0])
  ("wiener_filter" .
   [0 0 1 0 0 0 0 0 0 0 0 0 0])
  ("fft" .
   [11 0 0])
  ("fftshift" .
   [11 0 0 0 0 0 0 0])
  ("newker" .
   [1 0 0 0 0 0])
  ("revimg" .
   [1 0 0 0 0 0])
  ("convolve2d" .
   [0 0 1 0 0 0 0 0 0 0])
  ("df" .
   [17 0])
  ("min_c" .
   [1 0 0 0 0])
  ("max_c" .
   [1 0 0 0 0])
  ("min_r" .
   [1 0 0 0 0])
  ("max_r" .
   [1 0 0 0 0])
  ("ylabel" .
   [1 0 0 0 0 0])
  ("area" .
   [3 0 0 0])
  ("fig" .
   [3 0 0])
  ("SIPTrain" .
   [1 0 0 0 0 0 0 0])
  ("SIPTest" .
   [1 0 0 0 0 0 0])
  ("sigma" .
   [1 0 0 0 0])
  ("A2P" .
   [2 0 0])
  ("A1P" .
   [2 0 0])
  ("A1" .
   [4 0])
  ("scatter" .
   [5 0 0 0 0 0 0])
  ("A3" .
   [14 0])
  ("A2" .
   [11 0])
  ("H" .
   [25])
  ("A12" .
   [1 0 0])
  ("A11" .
   [1 0 0])
  ("A10" .
   [1 0 0])
  ("I" .
   [6])
  ("P" .
   [2])
  ("U" .
   [5])
  ("as1" .
   [8 0 0])
  ("pad" .
   [2 0 0])
  ("imgW" .
   [1 0 0 0])
  ("cv2" .
   [1 0 0])
  ("imgH" .
   [2 0 0 0])
  ("kerW" .
   [4 0 0 0])
  ("as22" .
   [2 0 0 0])
  ("sharpen" .
   [3 0 0 0 0 0 0])
  ("convolve" .
   [1 0 0 0 0 0 0 0])
  ("output" .
   [2 0 0 0 0 0])
  ("W1" .
   [1 0])
  ("W2" .
   [1 0])
  ("H1" .
   [4 0])
  ("ker" .
   [14 0 0])
  ("H2" .
   [1 0])
  ("color" .
   [8 0 0 0 0])
  ("as21" .
   [2 0 0 0])
  ("T0" .
   [1 0])
  ("sav" .
   [1 0 0])
  ("A" .
   [12])
  ("absolute" .
   [2 0 0 0 0 0 0 0])
  ("M" .
   [11])
  ("subplotsG" .
   [1 0 0 0 0 0 0 0 0])
  ("xlabel" .
   [2 0 0 0 0 0])
  ("gray" .
   [3 0 0 0])
  ("counter" .
   [1 0 0 0 0 0 0])
  ("g2" .
   [1 0])
  ("g1" .
   [1 0])
  ("grid" .
   [3 0 0 0])
  ("subplots" .
   [1 0 0 0 0 0 0 0])
  ("uint8" .
   [2 0 0 0 0])
  ("uint16" .
   [1 0 0 0 0 0])
  ("as9" .
   [1 0 0])
  ("imgArr" .
   [10 0 0 0 0 0])
  ("clf" .
   [1 0 0])
  ("image1" .
   [1 0 0 0 0 0])
  ("image0" .
   [1 0 0 0 0 0])
  ("blend1" .
   [1 0 0 0 0 0])
  ("blend0" .
   [1 0 0 0 0 0])
  ("subplot" .
   [5 0 0 0 0 0 0])
  ("B_sum2" .
   [1 0 0 0 0 0])
  ("B1_re" .
   [2 0 0 0 0])
  ("B0" .
   [1 0])
  ("as8" .
   [1 0 0])
  ("B_sum" .
   [1 0 0 0 0])
  ("com3" .
   [2 0 0 0])
  ("com2" .
   [2 0 0 0])
  ("com1" .
   [2 0 0 0])
  ("as3" .
   [10 0 0])
  ("as2" .
   [8 0 0])
  ("savefig" .
   [14 0 0 0 0 0 0])
  ("filename" .
   [2 0 0 0 0 0 0 0])
  ("cb" .
   [2 0])
  ("title" .
   [2 0 0 0 0])
  ("emperialMean" .
   [1 0 0 0 0 0 0 0 0 0 0 0])
  ("U_k" .
   [2 0 0])
  ("eigv" .
   [4 0 0 0])
  ("svd" .
   [2 0 0])
  ("cov" .
   [1 0 0])
  ("S" .
   [12])
  ("classLabel" .
   [1 0 0 0 0 0 0 0 0 0])
  ("pylab" .
   [1 0 0 0 0])
  ("mainData" .
   [1 0 0 0 0 0 0 0])
  ("fit" .
   [2 0 0])
  ("result" .
   [5 0 0 0 0 0])
  ("n_components" .
   [1 0 0 0 0 0 0 0 0 0 0 0])
  ("Y" .
   [3])
  ("pca" .
   [4 0 0])
  ("PCA" .
   [1 0 0])
  ("learning" .
   [1 0 0 0 0 0 0 0])
  ("predict" .
   [2 0 0 0 0 0 0])
  ("MSE" .
   [1 0 0])
  ("pred" .
   [3 0 0 0])
  ("mse" .
   [9 0 0])
  ("model" .
   [7 0 0 0 0])
  ("log" .
   [4 0 0])
  ("y_hat" .
   [5 0 0 0 0])
  ("delta3" .
   [0 0 0 0 0 1])
  ("ssd" .
   [2 0 0])
  ("pri" .
   [8 0 0])
  ("l2_error" .
   [1 0 0 0 0 0 0 0])
  ("l2" .
   [2 0])
  ("deriv" .
   [3 0 0 0 0])
  ("dd" .
   [3 0])
  ("l0" .
   [4 0])
  ("vv" .
   [4 0])
  ("l1" .
   [4 0])
  ("prin" .
   [5 0 0 0])
  ("syn1" .
   [5 0 0 0])
  ("syn0" .
   [12 0 0 0])
  ("y" .
   [26])
  ("T" .
   [16])
  ("n" .
   [6])
  ("matrix" .
   [14 0 0 0 0 0])
  ("axis" .
   [9 0 0 0])
  ("rr" .
   [2 0])
  ("dotpro" .
   [2 0 0 0 0 0])
  ("dot" .
   [8 0 0])
  ("dt" .
   [1 0])
  ("w2" .
   [6 0])
  ("w1" .
   [7 0])
  ("shape" .
   [73 0 0 0 0])
  ("W" .
   [9])
  ("ops" .
   [2 0 0])
  ("eps" .
   [1 0 0])
  ("bb" .
   [18 0])
  ("exp" .
   [2 0 0])
  ("e" .
   [3])
  ("sumb" .
   [1 0 0 0])
  ("hop" .
   [4 0 0])
  ("Decimal" .
   [4 0 0 0 0 0 0])
  ("trails" .
   [2 0 0 0 0 0])
  ("a1h" .
   [1 0 0])
  ("a95h" .
   [1 0 0 0])
  ("a1" .
   [3 0])
  ("a95" .
   [1 0 0])
  ("mu2" .
   [2 0 0])
  ("array" .
   [18 0 0 0 0])
  ("convert" .
   [1 0 0 0 0 0 0])
  ("img" .
   [90 0 0])
  ("f1" .
   [1 0])
  ("data" .
   [30 2 1 0])
  ("split" .
   [5 0 0 0 0])
  ("np" .
   [204 0])
  ("unpack" .
   [0 0 1 0 0 0])
  ("ndmin" .
   [1 0 0 0 0])
  ("require" .
   [1 0 0 0 0 0 0])
  ("$SessionPermission" .
   [0 0 0 0 0 0 0 0 1 0 0 0 0 0 0 0 0 0])
  ("word_filter" .
   [1 0 0 0 1 0 0 0 0 0 0])
  ("numpy" .
   [7 0 0 0 0])
  ("random" .
   [2 0 0 0 0 0])
  ("rnp" .
   [1 0 0])
  ("coinarray" .
   [4 0 0 0 0 0 0 0 0])
  ("coin" .
   [8 0 0 0])
  ("overall" .
   [14 0 0 0 0 0 0])
  ("append" .
   [51 0 0 0 0 1])
  ("pp" .
   [1 0])
  ("x" .
   [41])
  ("sumc" .
   [5 0 0 0])
  ("nn" .
   [16 0])
  ("freq" .
   [8 0 0 0])
  ("size" .
   [34 0 0 0])
  ("b" .
   [30])
  ("alist" .
   [14 0 0 0 0])
  ("plist" .
   [6 0 0 0 0])
  ("sum" .
   [10 0 0])
  ("plt" .
   [91 0 0])
  ("a" .
   [45])
  ("down" .
   [3 0 0 0])
  ("hoef" .
   [4 0 0 0])
  ("coinToss" .
   [9 0 0 0 0 0 0 0])
  ("hif" .
   [4 0 0])
  ("hap" .
   [6 0 0])
  ("epis" .
   [2 0 0 0])
  ("mu" .
   [58 0])
  ("trials" .
   [8 0 0 1 0 0])
  ("h" .
   [5])
  ("plot" .
   [6 0 0 0])
  ("hip" .
   [6 0 0])
  ("mean" .
   [12 0 0 0])
  ("com" .
   [13 0 0])
  ("mik" .
   [3 0 0])
  ("mak" .
   [2 0 0])
  ("label" .
   [3 0 0 0 0])
  ("legend" .
   [1 0 0 0 0 0])
  ("freq2" .
   [2 0 0 0 0])
  ("teststat" .
   [1 0 0 0 0 0 0 0])
  ("trainstat" .
   [1 0 0 0 0 0 0 0 0])
  ("testcol22" .
   [3 0 0 0 0 0 0 0 0])
  ("testcol22y" .
   [1 0 0 0 0 0 0 0 0 0])
  ("sklearn" .
   [1 0 1 0 0 0 0])
  ("transpose" .
   [3 1 0 0 1 0 0 0 0])
  ("shiftAll" .
   [3 0 0 0 0 0 0 0])
  ("norm" .
   [2 0 0 0])
  ("testcol22x" .
   [1 0 0 0 0 0 0 0 0 0])
  ("apply_along_axis" .
   [0 0 0 0 1 0 0 0 0 1 0 0 0 0 0 0])
  ("m" .
   [4])
  ("var" .
   [4 0 0])
  ("subtract" .
   [3 0 0 0 0 0 0 0])
  ("da" .
   [1 0])
  ("divide" .
   [6 0 0 0 0 0])
  ("sqrt" .
   [1 0 0 0])
  ("v" .
   [7])
  ("stand" .
   [1 0 0 0 0])
  ("s" .
   [2])
  ("testp" .
   [1 0 0 0 0])
  ("round" .
   [1 0 0 0 0])
  ("abs" .
   [5 0 0])
  ("sincTrain25" .
   [1 0 0 0 0 0 0 0 0 0 0])
  ("loadtxt" .
   [3 0 0 0 0 0 0])
  ("ampl" .
   [3 0 0 0])
  ("nsize" .
   [4 0 0 0 0])
  ("multiply" .
   [2 0 0 2 1 0 0 0])
  ("w" .
   [13])
  ("add" .
   [4 0 0])
  ("mul" .
   [1 0 0])
  ("weightsum" .
   [2 0 0 0 0 0 0 0 0])
  ("i" .
   [47])
  ("sd" .
   [1 0])
  ("activation" .
   [1 0 0 0 1 0 0 0 0 0])
  ("maax" .
   [1 0 0 0])
  ("z" .
   [3])
  ("argmin" .
   [2 0 0 0 0 0])
  ("abi" .
   [6 0 0])
  ("miin" .
   [7 0 0 0])
  ("al" .
   [2 0])
  ("weight" .
   [4 0 0 0 0 0])
  ("alt" .
   [1 0 0])
  ("wlt" .
   [2 0 0])
  ("X" .
   [26])
  ("wlist" .
   [1 0 0 0 0])
  ("network" .
   [1 0 0 0 0 0 0])
  ("power" .
   [1 0 0 0 0])
  ("LA" .
   [2 0])
  ("eigvals" .
   [1 0 0 0 0 0 0])
  ("f" .
   [10])
  ("img1" .
   [15 0 0 0])
  ("imread" .
   [10 0 0 0 0 0])
  ("blend" .
   [1 0 0 0 0])
  ("m1" .
   [1 0])
  ("m2" .
   [2 0])
  ("as4" .
   [3 0 0])
  ("B1" .
   [4 0])
  ("B2" .
   [1 0])
  ("imshow" .
   [25 0 0 0 0 0])
  ("image" .
   [3 0 0 0 0])
  ("show" .
   [39 0 0 0])
  ("clip" .
   [10 0 0 0])
  ("cmap" .
   [18 0 0 0])
  ("png" .
   [1 0 0])
  ("img2" .
   [9 0 0 0])
  ("astype" .
   [17 0 0 0 0 0])
  ("grey" .
   [7 0 0 0])
  ("B" .
   [5])
  ("as5" .
   [3 0 0])
  ("tile" .
   [1 0 0 0])
  ("mask" .
   [3 0 0 0])
  ("r" .
   [4])
  ("as" .
   [3 0])
  ("sk" .
   [2 0])
  ("as6" .
   [1 0 0])
  ("skimage" .
   [2 0 0 0 0 0 0])
  ("transform" .
   [1 0 0 0 0 0 0 0 0])
  ("resize" .
   [3 0 0 0 0 0])
  ("B4" .
   [4 0])
  ("B5" .
   [1 0])
  ("B6" .
   [1 0])
  ("B7" .
   [1 0])
  ("B8" .
   [2 0])
  ("as10" .
   [2 0 0 0])
  ("as7" .
   [1 0 0])
  ("x_size" .
   [1 0 0 0 0 0])
  ("y_size" .
   [1 0 0 0 0 0])
  ("gamma" .
   [3 0 0 0 0])
  ("sh" .
   [1 0])
  ("NS" .
   [1 0])
  ("F" .
   [9])
  ("G" .
   [26])
  ("nImg" .
   [1 0 0 0])
  ("g" .
   [2])
  ("gray_r" .
   [2 0 0 0 0 0])
  ("C" .
   [1])
  ("D" .
   [3])
  ("figure" .
   [1 0 0 0 0 0])
  ("T1" .
   [6 0])
  ("T2" .
   [4 0])
  ("T3" .
   [2 0])
  ("T4" .
   [2 0])
  ("T5" .
   [2 0])
  ("T6" .
   [1 0])
  ("it" .
   [2 0])
  ("ti" .
   [2 0])
  ("Timer" .
   [1 0 0 0 0])
  ("cdf1" .
   [8 0 0 0])
  ("cdf2" .
   [10 0 0 0])
  ("as19" .
   [2 0 0 0])
  ("cdf" .
   [2 0 0])
  ("cdf_in2" .
   [2 0 0 0 0 0 0])
  ("img3" .
   [3 0 0 0])
  ("cdf_in1" .
   [3 0 0 0 0 0 0])
  ("finish" .
   [4 0 0 0 0 0])
  ("asarray" .
   [11 0 0 0 0 0 0])
  ("imgeq" .
   [1 0 0 0 0])
  ("as17" .
   [2 0 0 0])
  ("imge" .
   [1 0 0 0])
  ("as13" .
   [1 0 0 0])
  ("as14" .
   [2 0 0 0])
  ("V" .
   [1])
  ("_" .
   [20])
  ("S1" .
   [4 0])
  ("S3" .
   [4 0])
  ("as16" .
   [2 0 0 0])
  ("set_ylabel" .
   [0 0 0 0 0 1 0 0 0 0])
  ("S2" .
   [5 0])
  ("values1" .
   [2 0 0 0 0 0 0])
  ("values2" .
   [3 0 0 0 0 0 0])
  ("values3" .
   [6 0 0 0 0 0 0])
  ("cdf3" .
   [7 0 0 0])
  ("cdf_nor2" .
   [5 0 0 0 0 0 0 0])
  ("cdf_nor3" .
   [3 0 0 0 0 0 0 0])
  ("density" .
   [3 0 0 0 0 0 0])
  ("convolveForloop" .
   [1 0 0 0 0 0 0 0 0 0 0 0 0 0 0])
  ("ax" .
   [3 0])
  ("set_xlabel" .
   [1 0 0 0 0 0 0 0 0 0])
  ("roi" .
   [12 0 0])
  ("ss" .
   [1 0])
  ("kerH" .
   [3 0 0 0])
  ("sharpen2" .
   [1 0 0 0 0 0 0 0])
  ("out" .
   [1 0 0])
  ("fft2" .
   [6 0 1 0])
  ("scipy" .
   [3 0 0 0 0])
  ("fftpack" .
   [1 0 0 0 0 0 0])
  ("nimg" .
   [13 0 0 0])
  ("erosion" .
   [2 0 0 0 0 0 0])
  ("imgF" .
   [4 0 0 0])
  ("colors" .
   [10 0 0 0 0 0])
  ("plitplot" .
   [1 0 0 0 0 0 0 0])
  ("N" .
   [17])
  ("dim" .
   [1 0 0])
  ("lil" .
   [1 0 0])
  ("convexPer" .
   [2 0 0 0 0 0 0 0 0])
  ("X1" .
   [9 0])
  ("origin1" .
   [1 0 0 0 0 0 0])
  ("X2" .
   [2 0])
  ("l" .
   [3])
  ("marker" .
   [1 0 0 0 0 0])
  ("XScale" .
   [3 0 0 0 0 0])
  ("h2" .
   [1 0])
  ("misc" .
   [1 0 0 0])
  ("lr" .
   [2 0])
  ("h3" .
   [1 0])
  ("Xrot" .
   [6 0 0 0])
  ("LSI" .
   [1 0 0])
  ("mask1" .
   [1 0 0 0 0])
  ("noise" .
   [4 0 0 0 0])
  ("gauss_noise" .
   [0 0 0 0 1 0 0 0 0 0 0])
  ("newimg" .
   [2 0 0 0 0 0])
  ("t" .
   [7])
  ("mode" .
   [2 0 0 0])
  ("kernel" .
   [6 0 0 0 0 0])
  ("newi" .
   [2 0 0 0])
  ("d" .
   [3])
  ("patchi" .
   [1 0 0 0 0 0])
  ("patch" .
   [9 0 0 0 0])
  ("y_classes" .
   [2 0 0 0 0 0 0 0 0])
  ("K" .
   [1])
  ("classes" .
   [1 0 0 0 0 0 0])
  ("reshape" .
   [1 0 0 0 0 0 0])
  ("unique" .
   [3 0 1 0 0 0])
  ("linReg" .
   [6 0 0 0 0 0])
  ("x_train" .
   [2 0 0 0 0 0 0])
  ("y_train" .
   [3 0 0 0 0 0 0])
  ("x_test" .
   [1 0 0 0 0 0])
  ("y_test" .
   [3 0 0 0 0 0])
  ("target_var" .
   [2 0 0 0 0 0 0 0 0 0])
  ("exploit" .
   [15 0 0 0 0 0 0])
  ("shell_code" .
   [2 0 0 0 0 1 0 0 0 0])
  ("eip" .
   [1 0 0])
  ("pathmd5" .
   [1 0 0 0 0 0 0])
  ("numbFiles" .
   [1 0 0 0 0 0 0 0 0])
  ("path" .
   [2 0 0 0])
  ("makeFilesmd5" .
   [1 0 0 0 0 0 0 0 0 0 0 0])
  ("makeunqiueF" .
   [0 0 0 0 0 0 1 0 0 0 0])
  ("pathMD" .
   [1 0 0 0 0 0])
  ("argv" .
   [2 0 0 0])
  ("testi" .
   [1 0 0 0 0])
  ("testhest" .
   [1 0 0 0 0 0 0 0])
  ("INFO" .
   [1 0 0 0])
  ("logFile" .
   [1 0 0 0 0 0 0])
  ("my_handler" .
   [1 0 0 0 0 0 0 0 0 0])
  ("logger" .
   [2 0 0 0 0 0])
  ("last_line" .
   [1 0 0 0 0 0 0 0 0])
  ("replace" .
   [1 0 0 0 0 0 0])
  ("replaceS" .
   [5 0 0 0 0 0 0 0])
  ("hex" .
   [2 0 0])
  ("encode" .
   [2 0 0 0 0 0])
  ("old_con" .
   [3 0 0 0 0 0 0])
  ("old_con2" .
   [3 0 0 0 0 0 0 0])
  ("call2" .
   [1 0 0 0 0])
  ("new_con1" .
   [6 0 0 0 0 0 0 0])
  ("new_con" .
   [4 0 0 0 0 0 0])
  ("fixRop" .
   [1 0 0 0 0 0])
  ("newRop" .
   [1 0 0 0 0 0])
  ("msg" .
   [1 0 0])
  ("filepath" .
   [2 0 0 0 0 1 0 0])
  ("val" .
   [5 0 0])
  ("upFile" .
   [0 0 0 1 0 0])
  ("Hansen" .
   [1 0 0 0 0 0])
  ("Max" .
   [1 0 0])
  ("Christian" .
   [1 0 0 0 0 0 0 0 0])
  ("AboutInfo" .
   [1 0 0 0 0 0 0 0 0])
  ("FieldList" .
   [0 0 0 1 0 0 0 0 0])
  ("FormField" .
   [0 0 0 1 0 0 0 0 0])
  ("nlist" .
   [2 0 0 0 0])
  ("col1" .
   [1 0 0 0])
  ("tolist" .
   [8 0 0 0 0 0])
  ("arr" .
   [2 0 0])
  ("comp" .
   [1 0 0 0])
  ("find_prot" .
   [2 0 0 0 0 0 0 0 0])
  ("yhcn" .
   [1 0 0 0])
  ("fasta_dict" .
   [2 0 0 0 0 0 0 0 0 0])
  ("match" .
   [1 0 0 0 0])
  ("key" .
   [15 0 0])
  ("found_keys" .
   [1 0 0 0 0 0 0 0 0 0])
  ("found" .
   [1 0 0 0 0])
  ("find_prot2" .
   [1 0 0 0 0 0 0 0 0 0])
  ("LoginForm" .
   [2 0 2 0 0 0 0 0 0])
  ("cerrors" .
   [1 0 0 0 0 0 0])
  ("err" .
   [2 0 0])
  ("errors" .
   [1 0 0 0 0 0])
  ("filel1" .
   [6 0 0 0 0 0])
  ("filel0" .
   [5 0 0 0 0 0])
  ("output_list" .
   [4 0 0 0 0 0 0 0 0 0 0])
  ("np_array" .
   [4 0 0 0 0 0 0 0])
  ("amin" .
   [2 0 0 0])
  ("amax" .
   [1 0 0 0])
  ("domain_list" .
   [3 0 0 0 0 0 0 0 0 0 0])
  ("domain" .
   [3 0 0 0 0 0])
  ("np_min" .
   [1 0 0 0 0 0])
  ("np_max" .
   [1 0 0 0 0 0])
  ("rot_arr" .
   [2 0 0 0 0 0 0])
  ("empty" .
   [1 0 0 0 0])
  ("dom_arr" .
   [3 0 0 0 0 0 0])
  ("temp_arr" .
   [5 0 0 0 0 0 0 0])
  ("3d_array" .
   [1 0 0 0 0 0 0 0])
  ("indices" .
   [5 0 0 0 0 0 0])
  ("j" .
   [1])
  ("3d" .
   [2 0])
  ("3d_arr" .
   [1 0 0 0 0 0])
  ("arr_3d" .
   [2 0 0 0 0 0])
  ("year" .
   [8 0 0 0])
  ("ind" .
   [2 0 0])
  ("country_map" .
   [2 0 0 0 0 0 0 0 0 0 0])
  ("country" .
   [6 0 0 0 0 0 0])
  ("lapt" .
   [2 0 0 0])
  ("lon" .
   [2 0 0])
  ("temp_data" .
   [2 0 0 0 0 0 0 0 0])
  ("dom_map" .
   [4 0 0 0 0 0 0])
  ("create_3d_array_fast" .
   [1 0 0 0 0 0 0 0 0 0 0 0 0 0 0 0 0 0 0 0])
  ("indencies" .
   [1 0 0 0 0 0 0 0 0])
  ("cont_country" .
   [1 0 0 0 0 0 0 0 0 0 0 0])
  ("keys" .
   [4 0 0 0])
  ("sorted_keys" .
   [1 0 0 0 0 0 0 0 0 0 0])
  ("cont" .
   [1 0 0 0])
  ("new_dict" .
   [2 0 0 0 0 0 0 0])
  ("count" .
   [3 0 0 0 1])
  ("part" .
   [1 0 0 0])
  ("value" .
   [5 0 0 0 0])
  ("save" .
   [1 0 0 0])
  ("min_year" .
   [2 0 0 0 0 0 0 0])
  ("max_year" .
   [1 0 0 0 0 0 0 0])
  ("marks" .
   [2 0 0 0 0])
  ("years" .
   [1 0 0 0 0])
  ("labels" .
   [2 0 0 0 0 0])
  ("each" .
   [1 0 0 0])
  ("xtick_inputs" .
   [0 1 2 0 0 0 0 0 0 0 0 0])
  ("total_con" .
   [3 0 0 0 0 0 0 0 0])
  ("y_center" .
   [0 1 1 0 0 0 0 0])
  ("left" .
   [1 0 0 0])
  ("skipheader" .
   [1 0 0 0 0 0 0 0 0 0])
  ("app" .
   [2 0 0])
  ("Comment" .
   [1 0 0 0 0 0 0])
  ("password_hash" .
   [1 0 0 0 0 0 0 0 0 1 0 0 0])
  ("roles" .
   [2 0 0 0 0])
  ("role" .
   [8 0 0 0])
  ("choices" .
   [1 0 0 0 0 0 0])
  ("Role" .
   [2 0 0 0])
  ("user" .
   [2 0 0 0])
  ("use" .
   [3 0 0])
  ("models" .
   [1 0 0 0 0 0])
  ("vid" .
   [3 0 0])
  ("comments" .
   [1 0 0 0 0 0 0 0])
  ("pub_date" .
   [0 0 0 1 0 0 0 0])
  ("username" .
   [0 0 0 0 1 1 0 0])
  ("comment" .
   [9 0 0 0 0 0 0])
  ("dislikes" .
   [1 0 0 0 0 0 0 0])
  ("jpg" .
   [1 0 0])
  ("own_user" .
   [1 0 0 0 0 0 0 0])
  ("pic" .
   [1 0 0])
  ("parent" .
   [4 0 0 0 0 0])
  ("comment_id" .
   [1 0 0 0 0 0 0 0 0 0])
  ("add_subcomment" .
   [0 0 0 0 0 1 0 0 0 0 0 0 0 0])
  ("pre_comments" .
   [1 0 0 0 0 0 0 0 0 0 0 0])
  ("my_data" .
   [1 0 0 0 0 0 0])
  ("pos" .
   [9 0 0])
  ("titles" .
   [6 0 0 0 0 0])
  ("actor_3" .
   [3 0 0 0 0 0 0])
  ("actor_2" .
   [1 0 2 0 0 0 0])
  ("actor_1_name" .
   [1 0 0 0 0 0 0 0 0 0 0 0])
  ("actor_2_name" .
   [1 0 0 0 0 0 0 0 0 0 0 0])
  ("actor_3_name" .
   [1 0 0 0 0 0 0 0 0 0 0 0])
  ("genres" .
   [10 0 0 0 0 0])
  ("green" .
   [1 0 0 0 0])
  ("titl" .
   [1 0 0 0])
  ("actor_1" .
   [1 0 0 0 0 0 0])
  ("to_list" .
   [1 0 0 0 0 0 0])
  ("py" .
   [1 0])
  ("plotly" .
   [2 0 0 0 0 0])
  ("node" .
   [4 0 0 0])
  ("col" .
   [2 0 0])
  ("genrel" .
   [1 0 0 0 0 0])
  ("owner_id" .
   [1 0 0 0 0 0 0 0])
  ("get_owner" .
   [0 0 0 0 0 0 1 0 0])
  ("profile_pic" .
   [0 0 0 0 1 0 0 0 0 0 0])
  ("home" .
   [1 0 0 0])
  ("index" .
   [1 0 0 0 0])
  ("cust" .
   [1 0 0 0])
  ("lasha" .
   [1 0 0 0 0])
  ("config_name" .
   [1 0 0 0 0 0 0 0 0 0 0])
  ("SQLALCHEMY_TRACK_MODIFICATIONS" .
   [0 0 0 0 0 0 0 0 0 0 1 0 0 0 0 0 0 0 0 0 0 0 0 0 0 0 0 0 0 0])))
